以下是比较int型数据，double型数据表示参数类型不正常

比较顺序：降序false 参数类型正确的排在后面false 两个非正常参数类型数据：非顺序false
原来为：1 2 3 4 5.5 6.6 7.7 
排后为：7.7 6.6 5.5 4 3 2 1 

比较顺序：升序true 参数类型正确的排在后面false 两个非正常参数类型数据：非顺序false
原来为：1 2 3 4 5.5 6.6 7.7 
排后为：7.7 6.6 5.5 1 2 3 4 

比较顺序：降序false 参数类型正确的排在后面false 两个非正常参数类型数据：顺序true
原来为：1 2 3 4 5.5 6.6 7.7 
排后为：5.5 6.6 7.7 4 3 2 1 

比较顺序：升序true 参数类型正确的排在后面false 两个非正常参数类型数据：顺序true
原来为：1 2 3 4 5.5 6.6 7.7 
排后为：5.5 6.6 7.7 1 2 3 4 

比较顺序：降序false 参数类型正确的排在前面true 两个非正常参数类型数据：非顺序false
原来为：1 2 3 4 5.5 6.6 7.7 
排后为：4 3 2 1 7.7 6.6 5.5 

比较顺序：升序true 参数类型正确的排在前面true 两个非正常参数类型数据：非顺序false
原来为：1 2 3 4 5.5 6.6 7.7 
排后为：1 2 3 4 7.7 6.6 5.5 

比较顺序：降序false 参数类型正确的排在前面true 两个非正常参数类型数据：顺序true
原来为：1 2 3 4 5.5 6.6 7.7 
排后为：4 3 2 1 5.5 6.6 7.7 

比较顺序：升序true 参数类型正确的排在前面true 两个非正常参数类型数据：顺序true
原来为：1 2 3 4 5.5 6.6 7.7 
排后为：1 2 3 4 5.5 6.6 7.7 

